1 350.000000 350.671360 3.050533 3.058302
2 350.671360 351.343430 3.042784 3.050533
3 351.343430 352.016200 3.035058 3.042784
4 352.016200 352.689680 3.027353 3.035058
5 352.689680 353.363870 3.019669 3.027353
6 353.363870 354.038760 3.012006 3.019669
7 354.038760 354.714360 3.004365 3.012006
8 354.714360 355.390660 2.996745 3.004365
9 355.390660 356.067670 2.989146 2.996745
10 356.067670 356.745400 2.981567 2.989146
11 356.745400 357.423830 2.974010 2.981567
12 357.423830 358.102970 2.966473 2.974010
13 358.102970 358.782810 2.958957 2.966473
14 358.782810 359.463370 2.951462 2.958957
15 359.463370 360.144640 2.943987 2.951462
16 360.144640 360.826630 2.936532 2.943987
17 360.826630 361.509320 2.929099 2.936532
18 361.509320 362.192720 2.921685 2.929099
19 362.192720 362.876840 2.914292 2.921685
20 362.876840 363.561670 2.906918 2.914292
21 363.561670 364.247220 2.899565 2.906918
22 364.247220 364.933480 2.892232 2.899565
23 364.933480 365.620450 2.884919 2.892232
24 365.620450 366.308140 2.877625 2.884919
25 366.308140 366.996550 2.870352 2.877625
26 366.996550 367.685670 2.863098 2.870352
27 367.685670 368.375510 2.855864 2.863098
28 368.375510 369.066070 2.848649 2.855864
29 369.066070 369.757340 2.841454 2.848649
30 369.757340 370.449340 2.834278 2.841454
31 370.449340 371.142050 2.827122 2.834278
32 371.142050 371.835480 2.819984 2.827122
33 371.835480 372.529630 2.812867 2.819984
34 372.529630 373.224510 2.805768 2.812867
35 373.224510 373.920100 2.798688 2.805768
36 373.920100 374.616420 2.791627 2.798688
37 374.616420 375.313450 2.784585 2.791627
38 375.313450 376.011220 2.777562 2.784585
39 376.011220 376.709700 2.770558 2.777562
40 376.709700 377.408910 2.763572 2.770558
41 377.408910 378.108840 2.756606 2.763572
42 378.108840 378.809500 2.749657 2.756606
43 378.809500 379.510890 2.742727 2.749657
44 379.510890 380.213000 2.735816 2.742727
45 380.213000 380.915830 2.728923 2.735816
46 380.915830 381.619400 2.722048 2.728923
47 381.619400 382.323690 2.715192 2.722048
48 382.323690 383.028710 2.708353 2.715192
49 383.028710 383.734460 2.701533 2.708353
50 383.734460 384.440940 2.694731 2.701533
51 384.440940 385.148160 2.687946 2.694731
52 385.148160 385.856100 2.681180 2.687946
53 385.856100 386.564770 2.674431 2.681180
54 386.564770 387.274180 2.667701 2.674431
55 387.274180 387.984320 2.660988 2.667701
56 387.984320 388.695190 2.654292 2.660988
57 388.695190 389.406790 2.647614 2.654292
58 389.406790 390.119130 2.640954 2.647614
59 390.119130 390.832210 2.634311 2.640954
60 390.832210 391.546020 2.627685 2.634311
61 391.546020 392.260570 2.621077 2.627685
62 392.260570 392.975850 2.614486 2.621077
63 392.975850 393.691880 2.607912 2.614486
64 393.691880 394.408640 2.601356 2.607912
65 394.408640 395.126140 2.594816 2.601356
66 395.126140 395.844380 2.588293 2.594816
67 395.844380 396.563360 2.581788 2.588293
68 396.563360 397.283080 2.575299 2.581788
69 397.283080 398.003540 2.568827 2.575299
70 398.003540 398.724750 2.562372 2.568827
71 398.724750 399.446690 2.555933 2.562372
72 399.446690 400.169380 2.549511 2.555933
73 400.169380 400.892820 2.543106 2.549511
74 400.892820 401.617000 2.536717 2.543106
75 401.617000 402.341920 2.530345 2.536717
76 402.341920 403.067600 2.523989 2.530345
77 403.067600 403.794010 2.517649 2.523989
78 403.794010 404.521180 2.511326 2.517649
79 404.521180 405.249090 2.505019 2.511326
80 405.249090 405.977760 2.498728 2.505019
81 405.977760 406.707170 2.492453 2.498728
82 406.707170 407.437330 2.486194 2.492453
83 407.437330 408.168240 2.479952 2.486194
84 408.168240 408.899910 2.473725 2.479952
85 408.899910 409.632320 2.467514 2.473725
86 409.632320 410.365490 2.461319 2.467514
87 410.365490 411.099420 2.455139 2.461319
88 411.099420 411.834090 2.448976 2.455139
89 411.834090 412.569530 2.442828 2.448976
90 412.569530 413.305720 2.436695 2.442828
91 413.305720 414.042660 2.430578 2.436695
92 414.042660 414.780360 2.424477 2.430578
93 414.780360 415.518820 2.418391 2.424477
94 415.518820 416.258040 2.412320 2.418391
95 416.258040 416.998020 2.406265 2.412320
96 416.998020 417.738760 2.400225 2.406265
97 417.738760 418.480260 2.394200 2.400225
98 418.480260 419.222520 2.388190 2.394200
99 419.222520 419.965540 2.382196 2.388190
100 419.965540 420.709320 2.376217 2.382196
101 420.709320 421.453870 2.370252 2.376217
102 421.453870 422.199190 2.364302 2.370252
103 422.199190 422.945270 2.358368 2.364302
104 422.945270 423.692110 2.352448 2.358368
105 423.692110 424.439720 2.346543 2.352448
106 424.439720 425.188100 2.340653 2.346543
107 425.188100 425.937250 2.334777 2.340653
108 425.937250 426.687170 2.328916 2.334777
109 426.687170 427.437850 2.323070 2.328916
110 427.437850 428.189310 2.317238 2.323070
111 428.189310 428.941540 2.311420 2.317238
112 428.941540 429.694540 2.305617 2.311420
113 429.694540 430.448310 2.299829 2.305617
114 430.448310 431.202860 2.294055 2.299829
115 431.202860 431.958180 2.288295 2.294055
116 431.958180 432.714280 2.282549 2.288295
117 432.714280 433.471150 2.276817 2.282549
118 433.471150 434.228800 2.271100 2.276817
119 434.228800 434.987230 2.265396 2.271100
120 434.987230 435.746440 2.259707 2.265396
121 435.746440 436.506430 2.254032 2.259707
122 436.506430 437.267190 2.248370 2.254032
123 437.267190 438.028740 2.242723 2.248370
124 438.028740 438.791070 2.237089 2.242723
125 438.791070 439.554180 2.231469 2.237089
126 439.554180 440.318080 2.225863 2.231469
127 440.318080 441.082760 2.220270 2.225863
128 441.082760 441.848220 2.214692 2.220270
129 441.848220 442.614470 2.209126 2.214692
130 442.614470 443.381510 2.203575 2.209126
131 443.381510 444.149340 2.198036 2.203575
132 444.149340 444.917950 2.192512 2.198036
133 444.917950 445.687360 2.187000 2.192512
134 445.687360 446.457550 2.181502 2.187000
135 446.457550 447.228540 2.176018 2.181502
136 447.228540 448.000320 2.170546 2.176018
137 448.000320 448.772890 2.165088 2.170546
138 448.772890 449.546250 2.159643 2.165088
139 449.546250 450.320410 2.154211 2.159643
140 450.320410 451.095370 2.148793 2.154211
141 451.095370 451.871120 2.143387 2.148793
142 451.871120 452.647670 2.137994 2.143387
143 452.647670 453.425010 2.132614 2.137994
144 453.425010 454.203160 2.127248 2.132614
145 454.203160 454.982110 2.121894 2.127248
146 454.982110 455.761850 2.116553 2.121894
147 455.761850 456.542400 2.111224 2.116553
148 456.542400 457.323760 2.105908 2.111224
149 457.323760 458.105910 2.100606 2.105908
150 458.105910 458.888870 2.095315 2.100606
151 458.888870 459.672640 2.090038 2.095315
152 459.672640 460.457210 2.084773 2.090038
153 460.457210 461.242590 2.079520 2.084773
154 461.242590 462.028780 2.074280 2.079520
155 462.028780 462.815780 2.069052 2.074280
156 462.815780 463.603590 2.063837 2.069052
157 463.603590 464.392210 2.058634 2.063837
158 464.392210 465.181650 2.053443 2.058634
159 465.181650 465.971890 2.048265 2.053443
160 465.971890 466.762950 2.043099 2.048265
161 466.762950 467.554830 2.037945 2.043099
162 467.554830 468.347520 2.032803 2.037945
163 468.347520 469.141030 2.027673 2.032803
164 469.141030 469.935360 2.022556 2.027673
165 469.935360 470.730500 2.017450 2.022556
166 470.730500 471.526470 2.012356 2.017450
167 471.526470 472.323260 2.007275 2.012356
168 472.323260 473.120870 2.002205 2.007275
169 473.120870 473.919300 1.997147 2.002205
170 473.919300 474.718560 1.992101 1.997147
171 474.718560 475.518640 1.987066 1.992101
172 475.518640 476.319550 1.982044 1.987066
173 476.319550 477.121290 1.977033 1.982044
174 477.121290 477.923850 1.972034 1.977033
175 477.923850 478.727250 1.967046 1.972034
176 478.727250 479.531470 1.962070 1.967046
177 479.531470 480.336530 1.957105 1.962070
178 480.336530 481.142420 1.952152 1.957105
179 481.142420 481.949140 1.947211 1.952152
180 481.949140 482.756700 1.942281 1.947211
181 482.756700 483.565090 1.937362 1.942281
182 483.565090 484.374320 1.932455 1.937362
183 484.374320 485.184380 1.927559 1.932455
184 485.184380 485.995290 1.922674 1.927559
185 485.995290 486.807040 1.917800 1.922674
186 486.807040 487.619620 1.912938 1.917800
187 487.619620 488.433050 1.908087 1.912938
188 488.433050 489.247320 1.903247 1.908087
189 489.247320 490.062440 1.898418 1.903247
190 490.062440 490.878400 1.893600 1.898418
191 490.878400 491.695210 1.888793 1.893600
192 491.695210 492.512870 1.883997 1.888793
193 492.512870 493.331380 1.879212 1.883997
194 493.331380 494.150730 1.874438 1.879212
195 494.150730 494.970940 1.869675 1.874438
196 494.970940 495.792000 1.864923 1.869675
197 495.792000 496.613910 1.860181 1.864923
198 496.613910 497.436680 1.855450 1.860181
199 497.436680 498.260300 1.850730 1.855450
200 498.260300 499.084780 1.846021 1.850730
201 499.084780 499.910120 1.841322 1.846021
202 499.910120 500.736310 1.836634 1.841322
203 500.736310 501.563370 1.831957 1.836634
204 501.563370 502.391290 1.827290 1.831957
205 502.391290 503.220070 1.822633 1.827290
206 503.220070 504.049710 1.817987 1.822633
207 504.049710 504.880220 1.813352 1.817987
208 504.880220 505.711600 1.808727 1.813352
209 505.711600 506.543850 1.804112 1.808727
210 506.543850 507.376960 1.799508 1.804112
211 507.376960 508.210940 1.794914 1.799508
212 508.210940 509.045790 1.790330 1.794914
213 509.045790 509.881520 1.785756 1.790330
214 509.881520 510.718120 1.781193 1.785756
215 510.718120 511.555600 1.776640 1.781193
216 511.555600 512.393950 1.772097 1.776640
217 512.393950 513.233170 1.767564 1.772097
218 513.233170 514.073280 1.763041 1.767564
219 514.073280 514.914270 1.758529 1.763041
220 514.914270 515.756140 1.754026 1.758529
221 515.756140 516.598890 1.749533 1.754026
222 516.598890 517.442520 1.745050 1.749533
223 517.442520 518.287040 1.740577 1.745050
224 518.287040 519.132440 1.736114 1.740577
225 519.132440 519.978730 1.731661 1.736114
226 519.978730 520.825920 1.727218 1.731661
227 520.825920 521.673990 1.722784 1.727218
228 521.673990 522.522950 1.718361 1.722784
229 522.522950 523.372810 1.713946 1.718361
230 523.372810 524.223550 1.709542 1.713946
231 524.223550 525.075200 1.705147 1.709542
232 525.075200 525.927740 1.700762 1.705147
233 525.927740 526.781180 1.696387 1.700762
234 526.781180 527.635520 1.692021 1.696387
235 527.635520 528.490760 1.687664 1.692021
236 528.490760 529.346900 1.683317 1.687664
237 529.346900 530.203940 1.678980 1.683317
238 530.203940 531.061890 1.674652 1.678980
239 531.061890 531.920750 1.670333 1.674652
240 531.920750 532.780510 1.666024 1.670333
241 532.780510 533.641190 1.661724 1.666024
242 533.641190 534.502770 1.657434 1.661724
243 534.502770 535.365260 1.653153 1.657434
244 535.365260 536.228670 1.648881 1.653153
245 536.228670 537.092990 1.644618 1.648881
246 537.092990 537.958230 1.640364 1.644618
247 537.958230 538.824390 1.636120 1.640364
248 538.824390 539.691460 1.631885 1.636120
249 539.691460 540.559450 1.627659 1.631885
250 540.559450 541.428370 1.623442 1.627659
251 541.428370 542.298210 1.619234 1.623442
252 542.298210 543.168970 1.615035 1.619234
253 543.168970 544.040660 1.610845 1.615035
254 544.040660 544.913280 1.606664 1.610845
255 544.913280 545.786820 1.602492 1.606664
256 545.786820 546.661300 1.598329 1.602492
257 546.661300 547.536710 1.594174 1.598329
258 547.536710 548.413050 1.590029 1.594174
259 548.413050 549.290330 1.585893 1.590029
260 549.290330 550.168540 1.581765 1.585893
261 550.168540 551.047690 1.577646 1.581765
262 551.047690 551.927780 1.573536 1.577646
263 551.927780 552.808810 1.569434 1.573536
264 552.808810 553.690780 1.565341 1.569434
265 553.690780 554.573700 1.561257 1.565341
266 554.573700 555.457560 1.557181 1.561257
267 555.457560 556.342370 1.553114 1.557181
268 556.342370 557.228130 1.549056 1.553114
269 557.228130 558.114840 1.545006 1.549056
270 558.114840 559.002490 1.540965 1.545006
271 559.002490 559.891110 1.536932 1.540965
272 559.891110 560.780680 1.532908 1.536932
273 560.780680 561.671200 1.528892 1.532908
274 561.671200 562.562680 1.524884 1.528892
275 562.562680 563.455120 1.520885 1.524884
276 563.455120 564.348530 1.516895 1.520885
277 564.348530 565.242890 1.512912 1.516895
278 565.242890 566.138220 1.508938 1.512912
279 566.138220 567.034520 1.504972 1.508938
280 567.034520 567.931780 1.501015 1.504972
281 567.931780 568.830020 1.497065 1.501015
282 568.830020 569.729220 1.493124 1.497065
283 569.729220 570.629400 1.489191 1.493124
284 570.629400 571.530550 1.485267 1.489191
285 571.530550 572.432680 1.481350 1.485267
286 572.432680 573.335780 1.477441 1.481350
287 573.335780 574.239860 1.473541 1.477441
288 574.239860 575.144930 1.469648 1.473541
289 575.144930 576.050980 1.465764 1.469648
290 576.050980 576.958010 1.461888 1.465764
291 576.958010 577.866030 1.458019 1.461888
292 577.866030 578.775030 1.454159 1.458019
293 578.775030 579.685030 1.450306 1.454159
294 579.685030 580.596020 1.446461 1.450306
295 580.596020 581.508000 1.442625 1.446461
296 581.508000 582.420970 1.438796 1.442625
297 582.420970 583.334940 1.434975 1.438796
298 583.334940 584.249910 1.431161 1.434975
299 584.249910 585.165880 1.427356 1.431161
300 585.165880 586.082850 1.423558 1.427356
301 586.082850 587.000830 1.419768 1.423558
302 587.000830 587.919810 1.415986 1.419768
303 587.919810 588.839800 1.412211 1.415986
304 588.839800 589.760790 1.408444 1.412211
305 589.760790 590.682800 1.404684 1.408444
306 590.682800 591.605820 1.400933 1.404684
307 591.605820 592.529860 1.397188 1.400933
308 592.529860 593.454910 1.393452 1.397188
309 593.454910 594.380980 1.389723 1.393452
310 594.380980 595.308060 1.386001 1.389723
311 595.308060 596.236180 1.382287 1.386001
312 596.236180 597.165310 1.378580 1.382287
313 597.165310 598.095470 1.374881 1.378580
314 598.095470 599.026660 1.371190 1.374881
315 599.026660 599.958880 1.367505 1.371190
316 599.958880 600.892130 1.363828 1.367505
317 600.892130 601.826410 1.360159 1.363828
318 601.826410 602.761720 1.356496 1.360159
319 602.761720 603.698080 1.352841 1.356496
320 603.698080 604.635470 1.349194 1.352841
321 604.635470 605.573900 1.345553 1.349194
322 605.573900 606.513380 1.341920 1.345553
323 606.513380 607.453900 1.338294 1.341920
324 607.453900 608.395470 1.334675 1.338294
325 608.395470 609.338090 1.331063 1.334675
326 609.338090 610.281760 1.327459 1.331063
327 610.281760 611.226480 1.323862 1.327459
328 611.226480 612.172250 1.320271 1.323862
329 612.172250 613.119080 1.316688 1.320271
330 613.119080 614.066980 1.313112 1.316688
331 614.066980 615.015930 1.309543 1.313112
332 615.015930 615.965940 1.305981 1.309543
333 615.965940 616.917020 1.302426 1.305981
334 616.917020 617.869170 1.298878 1.302426
335 617.869170 618.822380 1.295337 1.298878
336 618.822380 619.776670 1.291803 1.295337
337 619.776670 620.732030 1.288275 1.291803
338 620.732030 621.688460 1.284755 1.288275
339 621.688460 622.645980 1.281241 1.284755
340 622.645980 623.604570 1.277735 1.281241
341 623.604570 624.564240 1.274235 1.277735
342 624.564240 625.525000 1.270742 1.274235
343 625.525000 626.486840 1.267256 1.270742
344 626.486840 627.449770 1.263776 1.267256
345 627.449770 628.413790 1.260303 1.263776
346 628.413790 629.378900 1.256837 1.260303
347 629.378900 630.345110 1.253378 1.256837
348 630.345110 631.312410 1.249925 1.253378
349 631.312410 632.280810 1.246479 1.249925
350 632.280810 633.250320 1.243040 1.246479
351 633.250320 634.220920 1.239607 1.243040
352 634.220920 635.192630 1.236181 1.239607
353 635.192630 636.165450 1.232762 1.236181
354 636.165450 637.139380 1.229349 1.232762
355 637.139380 638.114420 1.225942 1.229349
356 638.114420 639.090580 1.222542 1.225942
357 639.090580 640.067850 1.219149 1.222542
358 640.067850 641.046240 1.215762 1.219149
359 641.046240 642.025750 1.212381 1.215762
360 642.025750 643.006380 1.209007 1.212381
361 643.006380 643.988140 1.205640 1.209007
362 643.988140 644.971030 1.202278 1.205640
363 644.971030 645.955050 1.198924 1.202278
364 645.955050 646.940200 1.195575 1.198924
365 646.940200 647.926490 1.192233 1.195575
366 647.926490 648.913910 1.188897 1.192233
367 648.913910 649.902470 1.185568 1.188897
368 649.902470 650.892180 1.182244 1.185568
369 650.892180 651.883030 1.178927 1.182244
370 651.883030 652.875030 1.175617 1.178927
371 652.875030 653.868170 1.172312 1.175617
372 653.868170 654.862470 1.169014 1.172312
373 654.862470 655.857920 1.165722 1.169014
374 655.857920 656.854530 1.162436 1.165722
375 656.854530 657.852290 1.159156 1.162436
376 657.852290 658.851220 1.155882 1.159156
377 658.851220 659.851310 1.152615 1.155882
378 659.851310 660.852570 1.149353 1.152615
379 660.852570 661.854990 1.146098 1.149353
380 661.854990 662.858590 1.142849 1.146098
381 662.858590 663.863360 1.139606 1.142849
382 663.863360 664.869310 1.136368 1.139606
383 664.869310 665.876430 1.133137 1.136368
384 665.876430 666.884740 1.129912 1.133137
385 666.884740 667.894230 1.126693 1.129912
386 667.894230 668.904910 1.123479 1.126693
387 668.904910 669.916770 1.120272 1.123479
388 669.916770 670.929830 1.117071 1.120272
389 670.929830 671.944080 1.113875 1.117071
390 671.944080 672.959530 1.110685 1.113875
391 672.959530 673.976180 1.107501 1.110685
392 673.976180 674.994030 1.104323 1.107501
393 674.994030 676.013080 1.101151 1.104323
394 676.013080 677.033340 1.097985 1.101151
395 677.033340 678.054810 1.094824 1.097985
396 678.054810 679.077500 1.091670 1.094824
397 679.077500 680.101390 1.088521 1.091670
398 680.101390 681.126510 1.085377 1.088521
399 681.126510 682.152840 1.082240 1.085377
400 682.152840 683.180400 1.079108 1.082240
401 683.180400 684.209190 1.075982 1.079108
402 684.209190 685.239200 1.072861 1.075982
403 685.239200 686.270450 1.069746 1.072861
404 686.270450 687.302930 1.066637 1.069746
405 687.302930 688.336640 1.063534 1.066637
406 688.336640 689.371600 1.060436 1.063534
407 689.371600 690.407800 1.057343 1.060436
408 690.407800 691.445240 1.054256 1.057343
409 691.445240 692.483930 1.051175 1.054256
410 692.483930 693.523870 1.048099 1.051175
411 693.523870 694.565070 1.045029 1.048099
412 694.565070 695.607520 1.041964 1.045029
413 695.607520 696.651240 1.038905 1.041964
414 696.651240 697.696210 1.035851 1.038905
415 697.696210 698.742450 1.032803 1.035851
416 698.742450 699.789960 1.029760 1.032803
417 699.789960 700.838730 1.026723 1.029760
418 700.838730 701.888790 1.023691 1.026723
419 701.888790 702.940120 1.020664 1.023691
420 702.940120 703.992720 1.017643 1.020664
421 703.992720 705.046620 1.014627 1.017643
422 705.046620 706.101790 1.011616 1.014627
423 706.101790 707.158260 1.008611 1.011616
424 707.158260 708.216020 1.005611 1.008611
425 708.216020 709.275070 1.002616 1.005611
426 709.275070 710.335420 0.999627 1.002616
427 710.335420 711.397070 0.996643 0.999627
428 711.397070 712.460020 0.993664 0.996643
429 712.460020 713.524280 0.990690 0.993664
430 713.524280 714.589850 0.987722 0.990690
431 714.589850 715.656740 0.984758 0.987722
432 715.656740 716.724940 0.981800 0.984758
433 716.724940 717.794450 0.978847 0.981800
434 717.794450 718.865290 0.975900 0.978847
435 718.865290 719.937460 0.972957 0.975900
436 719.937460 721.010960 0.970020 0.972957
437 721.010960 722.085780 0.967087 0.970020
438 722.085780 723.161940 0.964160 0.967087
439 723.161940 724.239440 0.961238 0.964160
440 724.239440 725.318280 0.958321 0.961238
441 725.318280 726.398470 0.955409 0.958321
442 726.398470 727.480000 0.952501 0.955409
443 727.480000 728.562890 0.949599 0.952501
444 728.562890 729.647120 0.946702 0.949599
445 729.647120 730.732720 0.943810 0.946702
446 730.732720 731.819680 0.940923 0.943810
447 731.819680 732.908000 0.938041 0.940923
448 732.908000 733.997680 0.935164 0.938041
449 733.997680 735.088740 0.932292 0.935164
450 735.088740 736.181170 0.929424 0.932292
451 736.181170 737.274980 0.926562 0.929424
452 737.274980 738.370170 0.923704 0.926562
453 738.370170 739.466750 0.920851 0.923704
454 739.466750 740.564710 0.918004 0.920851
455 740.564710 741.664060 0.915161 0.918004
456 741.664060 742.764810 0.912322 0.915161
457 742.764810 743.866960 0.909489 0.912322
458 743.866960 744.970500 0.906660 0.909489
459 744.970500 746.075450 0.903837 0.906660
460 746.075450 747.181810 0.901018 0.903837
461 747.181810 748.289580 0.898203 0.901018
462 748.289580 749.398770 0.895394 0.898203
463 749.398770 750.509380 0.892589 0.895394
464 750.509380 751.621400 0.889789 0.892589
465 751.621400 752.734860 0.886993 0.889789
466 752.734860 753.849740 0.884203 0.886993
467 753.849740 754.966060 0.881417 0.884203
468 754.966060 756.083810 0.878635 0.881417
469 756.083810 757.203000 0.875859 0.878635
470 757.203000 758.323640 0.873086 0.875859
471 758.323640 759.445720 0.870319 0.873086
472 759.445720 760.569260 0.867556 0.870319
473 760.569260 761.694250 0.864798 0.867556
474 761.694250 762.820690 0.862044 0.864798
475 762.820690 763.948600 0.859295 0.862044
476 763.948600 765.077980 0.856550 0.859295
477 765.077980 766.208830 0.853810 0.856550
478 766.208830 767.341150 0.851075 0.853810
479 767.341150 768.474950 0.848344 0.851075
480 768.474950 769.610220 0.845617 0.848344
481 769.610220 770.746990 0.842895 0.845617
482 770.746990 771.885240 0.840177 0.842895
483 771.885240 773.024980 0.837464 0.840177
484 773.024980 774.166220 0.834756 0.837464
485 774.166220 775.308970 0.832051 0.834756
486 775.308970 776.453210 0.829351 0.832051
487 776.453210 777.598970 0.826656 0.829351
488 777.598970 778.746230 0.823965 0.826656
489 778.746230 779.895010 0.821278 0.823965
490 779.895010 781.045310 0.818596 0.821278
491 781.045310 782.197140 0.815918 0.818596
492 782.197140 783.350490 0.813244 0.815918
493 783.350490 784.505380 0.810575 0.813244
494 784.505380 785.661800 0.807910 0.810575
495 785.661800 786.819760 0.805249 0.807910
496 786.819760 787.979260 0.802593 0.805249
497 787.979260 789.140320 0.799941 0.802593
498 789.140320 790.302920 0.797293 0.799941
499 790.302920 791.467080 0.794649 0.797293
500 791.467080 792.632810 0.792010 0.794649
501 792.632810 793.800090 0.789375 0.792010
502 793.800090 794.968950 0.786744 0.789375
503 794.968950 796.139380 0.784117 0.786744
504 796.139380 797.311380 0.781494 0.784117
505 797.311380 798.484970 0.778876 0.781494
506 798.484970 799.660140 0.776262 0.778876
507 799.660140 800.836900 0.773652 0.776262
508 800.836900 802.015260 0.771046 0.773652
509 802.015260 803.195210 0.768444 0.771046
510 803.195210 804.376770 0.765846 0.768444
511 804.376770 805.559930 0.763253 0.765846
512 805.559930 806.744710 0.760663 0.763253
513 806.744710 807.931100 0.758078 0.760663
514 807.931100 809.119110 0.755496 0.758078
515 809.119110 810.308750 0.752919 0.755496
516 810.308750 811.500020 0.750346 0.752919
517 811.500020 812.692910 0.747777 0.750346
518 812.692910 813.887450 0.745212 0.747777
519 813.887450 815.083630 0.742650 0.745212
520 815.083630 816.281460 0.740093 0.742650
521 816.281460 817.480930 0.737540 0.740093
522 817.480930 818.682070 0.734991 0.737540
523 818.682070 819.884860 0.732445 0.734991
524 819.884860 821.089320 0.729904 0.732445
525 821.089320 822.295450 0.727367 0.729904
526 822.295450 823.503250 0.724833 0.727367
527 823.503250 824.712730 0.722304 0.724833
528 824.712730 825.923900 0.719778 0.722304
529 825.923900 827.136750 0.717256 0.719778
530 827.136750 828.351300 0.714738 0.717256
531 828.351300 829.567540 0.712224 0.714738
532 829.567540 830.785490 0.709714 0.712224
533 830.785490 832.005140 0.707208 0.709714
534 832.005140 833.226510 0.704705 0.707208
535 833.226510 834.449590 0.702207 0.704705
536 834.449590 835.674400 0.699712 0.702207
537 835.674400 836.900930 0.697221 0.699712
538 836.900930 838.129190 0.694734 0.697221
539 838.129190 839.359190 0.692250 0.694734
540 839.359190 840.590930 0.689770 0.692250
541 840.590930 841.824410 0.687295 0.689770
542 841.824410 843.059650 0.684822 0.687295
543 843.059650 844.296640 0.682354 0.684822
544 844.296640 845.535390 0.679889 0.682354
545 845.535390 846.775910 0.677428 0.679889
546 846.775910 848.018200 0.674971 0.677428
547 848.018200 849.262270 0.672517 0.674971
548 849.262270 850.508120 0.670067 0.672517
549 850.508120 851.755750 0.667621 0.670067
550 851.755750 853.005180 0.665178 0.667621
551 853.005180 854.256400 0.662739 0.665178
552 854.256400 855.509420 0.660304 0.662739
553 855.509420 856.764250 0.657872 0.660304
554 856.764250 858.020890 0.655444 0.657872
555 858.020890 859.279350 0.653020 0.655444
556 859.279350 860.539640 0.650599 0.653020
557 860.539640 861.801750 0.648182 0.650599
558 861.801750 863.065690 0.645768 0.648182
559 863.065690 864.331470 0.643358 0.645768
560 864.331470 865.599100 0.640951 0.643358
561 865.599100 866.868580 0.638548 0.640951
562 866.868580 868.139910 0.636148 0.638548
563 868.139910 869.413100 0.633752 0.636148
564 869.413100 870.688150 0.631360 0.633752
565 870.688150 871.965080 0.628971 0.631360
566 871.965080 873.243880 0.626585 0.628971
567 873.243880 874.524570 0.624203 0.626585
568 874.524570 875.807140 0.621825 0.624203
569 875.807140 877.091610 0.619450 0.621825
570 877.091610 878.377970 0.617078 0.619450
571 878.377970 879.666240 0.614710 0.617078
572 879.666240 880.956420 0.612345 0.614710
573 880.956420 882.248520 0.609984 0.612345
574 882.248520 883.542530 0.607626 0.609984
575 883.542530 884.838480 0.605271 0.607626
576 884.838480 886.136360 0.602920 0.605271
577 886.136360 887.436170 0.600572 0.602920
578 887.436170 888.737930 0.598228 0.600572
579 888.737930 890.041640 0.595887 0.598228
580 890.041640 891.347310 0.593549 0.595887
581 891.347310 892.654940 0.591215 0.593549
582 892.654940 893.964530 0.588884 0.591215
583 893.964530 895.276100 0.586556 0.588884
584 895.276100 896.589650 0.584232 0.586556
585 896.589650 897.905190 0.581911 0.584232
586 897.905190 899.222720 0.579593 0.581911
587 899.222720 900.542240 0.577278 0.579593
588 900.542240 901.863770 0.574967 0.577278
589 901.863770 903.187310 0.572659 0.574967
590 903.187310 904.512870 0.570354 0.572659
591 904.512870 905.840440 0.568053 0.570354
592 905.840440 907.170050 0.565755 0.568053
593 907.170050 908.501690 0.563460 0.565755
594 908.501690 909.835370 0.561168 0.563460
595 909.835370 911.171100 0.558879 0.561168
596 911.171100 912.508880 0.556594 0.558879
597 912.508880 913.848730 0.554312 0.556594
598 913.848730 915.190630 0.552033 0.554312
599 915.190630 916.534610 0.549757 0.552033
600 916.534610 917.880670 0.547484 0.549757
601 917.880670 919.228820 0.545215 0.547484
602 919.228820 920.579050 0.542948 0.545215
603 920.579050 921.931390 0.540685 0.542948
604 921.931390 923.285820 0.538425 0.540685
605 923.285820 924.642370 0.536168 0.538425
606 924.642370 926.001040 0.533914 0.536168
607 926.001040 927.361830 0.531663 0.533914
608 927.361830 928.724760 0.529415 0.531663
609 928.724760 930.089820 0.527171 0.529415
610 930.089820 931.457020 0.524929 0.527171
611 931.457020 932.826380 0.522690 0.524929
612 932.826380 934.197890 0.520455 0.522690
613 934.197890 935.571570 0.518222 0.520455
614 935.571570 936.947420 0.515993 0.518222
615 936.947420 938.325450 0.513767 0.515993
616 938.325450 939.705660 0.511543 0.513767
617 939.705660 941.088060 0.509323 0.511543
618 941.088060 942.472670 0.507106 0.509323
619 942.472670 943.859480 0.504891 0.507106
620 943.859480 945.248500 0.502680 0.504891
621 945.248500 946.639740 0.500471 0.502680
622 946.639740 948.033210 0.498266 0.500471
623 948.033210 949.428920 0.496063 0.498266
624 949.428920 950.826860 0.493864 0.496063
625 950.826860 952.227050 0.491667 0.493864
626 952.227050 953.629500 0.489473 0.491667
627 953.629500 955.034210 0.487283 0.489473
628 955.034210 956.441200 0.485095 0.487283
629 956.441200 957.850450 0.482910 0.485095
630 957.850450 959.262000 0.480728 0.482910
631 959.262000 960.675830 0.478548 0.480728
632 960.675830 962.091970 0.476372 0.478548
633 962.091970 963.510410 0.474199 0.476372
634 963.510410 964.931170 0.472028 0.474199
635 964.931170 966.354240 0.469860 0.472028
636 966.354240 967.779650 0.467695 0.469860
637 967.779650 969.207400 0.465533 0.467695
638 969.207400 970.637480 0.463374 0.465533
639 970.637480 972.069920 0.461218 0.463374
640 972.069920 973.504730 0.459064 0.461218
641 973.504730 974.941890 0.456913 0.459064
642 974.941890 976.381440 0.454765 0.456913
643 976.381440 977.823360 0.452620 0.454765
644 977.823360 979.267680 0.450478 0.452620
645 979.267680 980.714400 0.448338 0.450478
646 980.714400 982.163520 0.446201 0.448338
647 982.163520 983.615050 0.444067 0.446201
648 983.615050 985.069010 0.441935 0.444067
649 985.069010 986.525400 0.439807 0.441935
650 986.525400 987.984230 0.437681 0.439807
651 987.984230 989.445500 0.435557 0.437681
652 989.445500 990.909230 0.433437 0.435557
653 990.909230 992.375420 0.431319 0.433437
654 992.375420 993.844090 0.429204 0.431319
655 993.844090 995.315230 0.427091 0.429204
656 995.315230 996.788860 0.424982 0.427091
657 996.788860 998.264980 0.422874 0.424982
658 998.264980 999.743610 0.420770 0.422874
659 999.743610 1001.224750 0.418668 0.420770
660 1001.224750 1002.708410 0.416569 0.418668
661 1002.708410 1004.194600 0.414473 0.416569
662 1004.194600 1005.683330 0.412379 0.414473
663 1005.683330 1007.174610 0.410287 0.412379
664 1007.174610 1008.668440 0.408199 0.410287
665 1008.668440 1010.164830 0.406113 0.408199
666 1010.164830 1011.663800 0.404029 0.406113
667 1011.663800 1013.165340 0.401949 0.404029
668 1013.165340 1014.669480 0.399870 0.401949
669 1014.669480 1016.176210 0.397795 0.399870
670 1016.176210 1017.685550 0.395722 0.397795
671 1017.685550 1019.197510 0.393651 0.395722
672 1019.197510 1020.712090 0.391583 0.393651
673 1020.712090 1022.229300 0.389518 0.391583
674 1022.229300 1023.749160 0.387455 0.389518
675 1023.749160 1025.271670 0.385395 0.387455
676 1025.271670 1026.796840 0.383337 0.385395
677 1026.796840 1028.324680 0.381281 0.383337
678 1028.324680 1029.855200 0.379229 0.381281
679 1029.855200 1031.388410 0.377178 0.379229
680 1031.388410 1032.924320 0.375131 0.377178
681 1032.924320 1034.462930 0.373085 0.375131
682 1034.462930 1036.004260 0.371042 0.373085
683 1036.004260 1037.548310 0.369002 0.371042
684 1037.548310 1039.095100 0.366964 0.369002
685 1039.095100 1040.644630 0.364929 0.366964
686 1040.644630 1042.196920 0.362896 0.364929
687 1042.196920 1043.751970 0.360865 0.362896
688 1043.751970 1045.309790 0.358837 0.360865
689 1045.309790 1046.870400 0.356811 0.358837
690 1046.870400 1048.433800 0.354788 0.356811
691 1048.433800 1050.000000 0.352767 0.354788
